Elapsed Time:244.368000
dx = dy = 0.01
a=10.000000
b=10.000000
T=10
c=1.000000
Cx=0.500000
Cy=0.500000