0.0000,0.0000,0.0000,0.0000,0.0000,0.0000,0.0000,0.0000,0.0000,0.0000,0.0000,0.0000,0.0000,0.0000,0.0000,0.0000,0.0000,0.0000,0.0000,0.0000,0.0000,0.0000,0.0000,0.0000,0.0000,0.0000,0.0000,0.0000,0.0000,0.0000,0.0000,0.0000,0.0000,0.0000,0.0000,0.0000,0.0000,0.0000,0.0000,0.0000,0.0000,0.0000,0.0000,0.0000,0.0000,0.0000,0.0000,0.0000,0.0000,0.0000,0.0000,0.0000,0.0000,0.0000,0.0000,0.0000,0.0000,0.0000,0.0000,0.0000,0.0000,0.0000,0.0000,0.0000,0.0000,0.0000,0.0000,0.0000,0.0000,0.0000,0.0000,0.0000,0.0000,0.0000,0.0000,0.0000,0.0000,0.0000,0.0000,0.0000,0.0000,0.0000,0.0000,0.0000,0.0000,0.0000,0.0000,0.0000,0.0000,0.0000,0.0000,0.0000,0.0000,0.0000,0.0000,0.0000,0.0000,0.0000,0.0000
0.0000,0.0000,0.0000,0.0000,0.0000,0.0000,0.0000,0.0000,0.0000,0.0000,0.0000,0.0000,0.0000,0.0000,0.0000,0.0000,0.0000,0.0000,0.0000,0.0000,0.0000,0.0000,0.0000,0.0000,0.0000,0.0000,0.0000,0.0000,0.0000,0.0000,0.0000,0.0000,0.0000,0.0000,0.0000,0.0000,0.0000,0.0000,0.0000,0.0000,0.0000,0.0000,0.0000,0.0000,0.0000,0.0000,0.0000,0.0000,0.0000,0.0000,0.0000,0.0000,0.0000,0.0000,0.0000,0.0000,0.0000,0.0000,0.0000,0.0000,0.0000,0.0000,0.0000,0.0000,0.0000,0.0000,0.0000,0.0000,0.0000,0.0000,0.0000,0.0000,0.0000,0.0000,0.0000,0.0000,0.0000,0.0000,0.0000,0.0000,0.0000,0.0000,0.0000,0.0000,0.0000,0.0000,0.0000,0.0000,0.0000,0.0000,0.0000,0.0000,0.0000,0.0000,0.0000,0.0000,0.0000,0.0000,0.0000
0.0000,0.0000,0.0000,0.0000,0.0000,0.0000,0.0000,0.0000,0.0000,0.0000,0.0000,0.0000,0.0000,0.0000,0.0000,0.0000,0.0000,0.0000,0.0000,0.0000,0.0000,0.0000,0.0000,0.0000,0.0000,0.0000,0.0000,0.0000,0.0000,0.0000,0.0000,0.0000,0.0000,0.0000,0.0000,0.0000,0.0000,0.0000,0.0000,0.0000,0.0000,0.0000,0.0000,0.0000,0.0000,0.0000,0.0000,0.0000,0.0000,0.0000,0.0000,0.0000,0.0000,0.0000,0.0000,0.0000,0.0000,0.0000,0.0000,0.0000,0.0000,0.0000,0.0000,0.0000,0.0000,0.0000,0.0000,0.0000,0.0000,0.0000,0.0000,0.0000,0.0000,0.0000,0.0000,0.0000,0.0000,0.0000,0.0000,0.0000,0.0000,0.0000,0.0000,0.0000,0.0000,0.0000,0.0000,0.0000,0.0000,0.0000,0.0000,0.0000,0.0000,0.0000,0.0000,0.0000,0.0000,0.0000,0.0000
0.0000,0.0000,0.0000,0.0000,0.0000,0.0000,0.0000,0.0000,0.0000,0.0000,0.0000,0.0000,0.0000,0.0000,0.0000,0.0000,0.0000,0.0000,0.0000,0.0000,0.0000,0.0000,0.0000,0.0000,0.0000,0.0000,0.0000,0.0000,0.0000,0.0000,0.0000,0.0000,0.0000,0.0000,0.0000,0.0000,0.0000,0.0000,0.0000,0.0000,0.0000,0.0000,0.0000,0.0000,0.0000,0.0000,0.0000,0.0000,0.0000,0.0000,-0.0000,0.0000,0.0000,0.0000,0.0000,0.0000,0.0000,0.0000,0.0000,0.0000,0.0000,0.0000,0.0000,0.0000,0.0000,0.0000,0.0000,0.0000,0.0000,0.0000,0.0000,0.0000,0.0000,0.0000,0.0000,0.0000,0.0000,0.0000,0.0000,0.0000,0.0000,0.0000,0.0000,0.0000,0.0000,0.0000,0.0000,0.0000,0.0000,0.0000,0.0000,0.0000,0.0000,0.0000,0.0000,0.0000,0.0000,0.0000,0.0000
0.0000,0.0000,0.0000,0.0000,0.0000,0.0000,0.0000,0.0000,0.0000,0.0000,0.0000,0.0000,0.0000,0.0000,0.0000,0.0000,0.0000,0.0000,0.0000,0.0000,0.0000,0.0000,0.0000,0.0000,0.0000,0.0000,0.0000,0.0000,0.0000,0.0000,0.0000,0.0000,0.0000,0.0000,0.0000,0.0000,0.0000,0.0000,0.0000,0.0000,0.0000,0.0000,0.0000,0.0000,0.0000,0.0000,0.0000,0.0000,0.0000,-0.0000,-0.0000,-0.0000,0.0000,0.0000,0.0000,0.0000,0.0000,0.0000,0.0000,0.0000,0.0000,0.0000,0.0000,0.0000,0.0000,0.0000,0.0000,0.0000,0.0000,0.0000,0.0000,0.0000,0.0000,0.0000,0.0000,0.0000,0.0000,0.0000,0.0000,0.0000,0.0000,0.0000,0.0000,0.0000,0.0000,0.0000,0.0000,0.0000,0.0000,0.0000,0.0000,0.0000,0.0000,0.0000,0.0000,0.0000,0.0000,0.0000,0.0000
0.0000,0.0000,0.0000,0.0000,0.0000,0.0000,0.0000,0.0000,0.0000,0.0000,0.0000,0.0000,0.0000,0.0000,0.0000,0.0000,0.0000,0.0000,0.0000,0.0000,0.0000,0.0000,0.0000,0.0000,0.0000,0.0000,0.0000,0.0000,0.0000,0.0000,0.0000,0.0000,0.0000,0.0000,0.0000,0.0000,0.0000,0.0000,0.0000,0.0000,0.0000,0.0000,0.0000,0.0000,0.0000,0.0000,0.0000,0.0000,-0.0000,-0.0000,-0.0000,-0.0000,-0.0000,0.0000,0.0000,0.0000,0.0000,0.0000,0.0000,0.0000,0.0000,0.0000,0.0000,0.0000,0.0000,0.0000,0.0000,0.0000,0.0000,0.0000,0.0000,0.0000,0.0000,0.0000,0.0000,0.0000,0.0000,0.0000,0.0000,0.0000,0.0000,0.0000,0.0000,0.0000,0.0000,0.0000,0.0000,0.0000,0.0000,0.0000,0.0000,0.0000,0.0000,0.0000,0.0000,0.0000,0.0000,0.0000,0.0000
0.0000,0.0000,0.0000,0.0000,0.0000,0.0000,0.0000,0.0000,0.0000,0.0000,0.0000,0.0000,0.0000,0.0000,0.0000,0.0000,0.0000,0.0000,0.0000,0.0000,0.0000,0.0000,0.0000,0.0000,0.0000,0.0000,0.0000,0.0000,0.0000,0.0000,0.0000,0.0000,0.0000,0.0000,0.0000,0.0000,0.0000,0.0000,0.0000,0.0000,0.0000,0.0000,0.0000,0.0000,0.0000,0.0000,0.0000,-0.0000,-0.0000,-0.0000,-0.0000,-0.0000,-0.0000,-0.0000,0.0000,0.0000,0.0000,0.0000,0.0000,0.0000,0.0000,0.0000,0.0000,0.0000,0.0000,0.0000,0.0000,0.0000,0.0000,0.0000,0.0000,0.0000,0.0000,0.0000,0.0000,0.0000,0.0000,0.0000,0.0000,0.0000,0.0000,0.0000,0.0000,0.0000,0.0000,0.0000,0.0000,0.0000,0.0000,0.0000,0.0000,0.0000,0.0000,0.0000,0.0000,0.0000,0.0000,0.0000,0.0000
0.0000,0.0000,0.0000,0.0000,0.0000,0.0000,0.0000,0.0000,0.0000,0.0000,0.0000,0.0000,0.0000,0.0000,0.0000,0.0000,0.0000,0.0000,0.0000,0.0000,0.0000,0.0000,0.0000,0.0000,0.0000,0.0000,0.0000,0.0000,0.0000,0.0000,0.0000,0.0000,0.0000,0.0000,0.0000,0.0000,0.0000,0.0000,0.0000,0.0000,0.0000,0.0000,0.0000,0.0000,0.0000,0.0000,-0.0000,-0.0000,-0.0000,-0.0000,-0.0000,-0.0000,-0.0000,-0.0000,-0.0000,0.0000,0.0000,0.0000,0.0000,0.0000,0.0000,0.0000,0.0000,0.0000,0.0000,0.0000,0.0000,0.0000,0.0000,0.0000,0.0000,0.0000,0.0000,0.0000,0.0000,0.0000,0.0000,0.0000,0.0000,0.0000,0.0000,0.0000,0.0000,0.0000,0.0000,0.0000,0.0000,0.0000,0.0000,0.0000,0.0000,0.0000,0.0000,0.0000,0.0000,0.0000,0.0000,0.0000,0.0000
0.0000,0.0000,0.0000,0.0000,0.0000,0.0000,0.0000,0.0000,0.0000,0.0000,0.0000,0.0000,0.0000,0.0000,0.0000,0.0000,0.0000,0.0000,0.0000,0.0000,0.0000,0.0000,0.0000,0.0000,0.0000,0.0000,0.0000,0.0000,0.0000,0.0000,0.0000,0.0000,0.0000,0.0000,0.0000,0.0000,0.0000,0.0000,0.0000,0.0000,0.0000,0.0000,0.0000,0.0000,0.0000,-0.0000,-0.0000,-0.0000,-0.0000,-0.0000,-0.0000,-0.0000,-0.0000,-0.0000,-0.0000,-0.0000,0.0000,0.0000,0.0000,0.0000,0.0000,0.0000,0.0000,0.0000,0.0000,0.0000,0.0000,0.0000,0.0000,0.0000,0.0000,0.0000,0.0000,0.0000,0.0000,0.0000,0.0000,0.0000,0.0000,0.0000,0.0000,0.0000,0.0000,0.0000,0.0000,0.0000,0.0000,0.0000,0.0000,0.0000,0.0000,0.0000,0.0000,0.0000,0.0000,0.0000,0.0000,0.0000,0.0000
0.0000,0.0000,0.0000,0.0000,0.0000,0.0000,0.0000,0.0000,0.0000,0.0000,0.0000,0.0000,0.0000,0.0000,0.0000,0.0000,0.0000,0.0000,0.0000,0.0000,0.0000,0.0000,0.0000,0.0000,0.0000,0.0000,0.0000,0.0000,0.0000,0.0000,0.0000,0.0000,0.0000,0.0000,0.0000,0.0000,0.0000,0.0000,0.0000,0.0000,0.0000,0.0000,0.0000,0.0000,-0.0000,-0.0000,-0.0000,-0.0000,-0.0000,-0.0000,-0.0000,-0.0000,-0.0000,-0.0000,-0.0000,-0.0000,-0.0000,0.0000,0.0000,0.0000,0.0000,0.0000,0.0000,0.0000,0.0000,0.0000,0.0000,0.0000,0.0000,0.0000,0.0000,0.0000,0.0000,0.0000,0.0000,0.0000,0.0000,0.0000,0.0000,0.0000,0.0000,0.0000,0.0000,0.0000,0.0000,0.0000,0.0000,0.0000,0.0000,0.0000,0.0000,0.0000,0.0000,0.0000,0.0000,0.0000,0.0000,0.0000,0.0000
0.0000,0.0000,0.0000,0.0000,0.0000,0.0000,0.0000,0.0000,0.0000,0.0000,0.0000,0.0000,0.0000,0.0000,0.0000,0.0000,0.0000,0.0000,0.0000,0.0000,0.0000,0.0000,0.0000,0.0000,0.0000,0.0000,0.0000,0.0000,0.0000,0.0000,0.0000,0.0000,0.0000,0.0000,0.0000,0.0000,0.0000,0.0000,0.0000,0.0000,0.0000,0.0000,0.0000,-0.0000,-0.0000,-0.0000,-0.0000,-0.0000,-0.0000,-0.0000,-0.0000,-0.0000,-0.0000,-0.0000,-0.0000,-0.0000,-0.0000,-0.0000,0.0000,0.0000,0.0000,0.0000,0.0000,0.0000,0.0000,0.0000,0.0000,0.0000,0.0000,0.0000,0.0000,0.0000,0.0000,0.0000,0.0000,0.0000,0.0000,0.0000,0.0000,0.0000,0.0000,0.0000,0.0000,0.0000,0.0000,0.0000,0.0000,0.0000,0.0000,0.0000,0.0000,0.0000,0.0000,0.0000,0.0000,0.0000,0.0000,0.0000,0.0000
0.0000,0.0000,0.0000,0.0000,0.0000,0.0000,0.0000,0.0000,0.0000,0.0000,0.0000,0.0000,0.0000,0.0000,0.0000,0.0000,0.0000,0.0000,0.0000,0.0000,0.0000,0.0000,0.0000,0.0000,0.0000,0.0000,0.0000,0.0000,0.0000,0.0000,0.0000,0.0000,0.0000,0.0000,0.0000,0.0000,0.0000,0.0000,0.0000,0.0000,0.0000,0.0000,-0.0000,-0.0000,-0.0000,-0.0000,-0.0000,-0.0000,-0.0000,-0.0000,-0.0000,-0.0000,-0.0000,-0.0000,-0.0000,-0.0000,-0.0000,-0.0000,-0.0000,0.0000,0.0000,0.0000,0.0000,0.0000,0.0000,0.0000,0.0000,0.0000,0.0000,0.0000,0.0000,0.0000,0.0000,0.0000,0.0000,0.0000,0.0000,0.0000,0.0000,0.0000,0.0000,0.0000,0.0000,0.0000,0.0000,0.0000,0.0000,0.0000,0.0000,0.0000,0.0000,0.0000,0.0000,0.0000,0.0000,0.0000,0.0000,0.0000,0.0000
0.0000,0.0000,0.0000,0.0000,0.0000,0.0000,0.0000,0.0000,0.0000,0.0000,0.0000,0.0000,0.0000,0.0000,0.0000,0.0000,0.0000,0.0000,0.0000,0.0000,0.0000,0.0000,0.0000,0.0000,0.0000,0.0000,0.0000,0.0000,0.0000,0.0000,0.0000,0.0000,0.0000,0.0000,0.0000,0.0000,0.0000,0.0000,0.0000,0.0000,0.0000,-0.0000,-0.0000,-0.0000,-0.0000,-0.0000,-0.0000,-0.0000,-0.0000,-0.0000,-0.0000,-0.0000,-0.0000,-0.0000,-0.0000,-0.0000,-0.0000,-0.0000,-0.0000,-0.0000,0.0000,0.0000,0.0000,0.0000,0.0000,0.0000,0.0000,0.0000,0.0000,0.0000,0.0000,0.0000,0.0000,0.0000,0.0000,0.0000,0.0000,0.0000,0.0000,0.0000,0.0000,0.0000,0.0000,0.0000,0.0000,0.0000,0.0000,0.0000,0.0000,0.0000,0.0000,0.0000,0.0000,0.0000,0.0000,0.0000,0.0000,0.0000,0.0000
0.0000,0.0000,0.0000,0.0000,0.0000,0.0000,0.0000,0.0000,0.0000,0.0000,0.0000,0.0000,0.0000,0.0000,0.0000,0.0000,0.0000,0.0000,0.0000,0.0000,0.0000,0.0000,0.0000,0.0000,0.0000,0.0000,0.0000,0.0000,0.0000,0.0000,0.0000,0.0000,0.0000,0.0000,0.0000,0.0000,0.0000,0.0000,0.0000,0.0000,-0.0000,-0.0000,-0.0000,-0.0000,-0.0000,-0.0000,-0.0000,-0.0000,-0.0000,-0.0000,-0.0000,-0.0000,-0.0000,-0.0000,-0.0000,-0.0000,-0.0000,-0.0000,-0.0000,-0.0000,-0.0000,0.0000,0.0000,0.0000,0.0000,0.0000,0.0000,0.0000,0.0000,0.0000,0.0000,0.0000,0.0000,0.0000,0.0000,0.0000,0.0000,0.0000,0.0000,0.0000,0.0000,0.0000,0.0000,0.0000,0.0000,0.0000,0.0000,0.0000,0.0000,0.0000,0.0000,0.0000,0.0000,0.0000,0.0000,0.0000,0.0000,0.0000,0.0000
0.0000,0.0000,0.0000,0.0000,0.0000,0.0000,0.0000,0.0000,0.0000,0.0000,0.0000,0.0000,0.0000,0.0000,0.0000,0.0000,0.0000,0.0000,0.0000,0.0000,0.0000,0.0000,0.0000,0.0000,0.0000,0.0000,0.0000,0.0000,0.0000,0.0000,0.0000,0.0000,0.0000,0.0000,0.0000,0.0000,0.0000,0.0000,0.0000,-0.0000,-0.0000,-0.0000,-0.0000,-0.0000,-0.0000,-0.0000,-0.0000,-0.0000,-0.0000,-0.0000,-0.0000,-0.0000,-0.0000,-0.0000,-0.0000,-0.0000,-0.0000,-0.0000,-0.0000,-0.0000,-0.0000,-0.0000,0.0000,0.0000,0.0000,0.0000,0.0000,0.0000,0.0000,0.0000,0.0000,0.0000,0.0000,0.0000,0.0000,0.0000,0.0000,0.0000,0.0000,0.0000,0.0000,0.0000,0.0000,0.0000,0.0000,0.0000,0.0000,0.0000,0.0000,0.0000,0.0000,0.0000,0.0000,0.0000,0.0000,0.0000,0.0000,0.0000,0.0000
0.0000,0.0000,0.0000,0.0000,0.0000,0.0000,0.0000,0.0000,0.0000,0.0000,0.0000,0.0000,0.0000,0.0000,0.0000,0.0000,0.0000,0.0000,0.0000,0.0000,0.0000,0.0000,0.0000,0.0000,0.0000,0.0000,0.0000,0.0000,0.0000,0.0000,0.0000,0.0000,0.0000,0.0000,0.0000,0.0000,0.0000,0.0000,-0.0000,-0.0000,-0.0000,-0.0000,-0.0000,-0.0000,-0.0000,-0.0000,-0.0000,-0.0000,-0.0000,-0.0000,-0.0000,-0.0000,-0.0000,-0.0000,-0.0000,-0.0000,-0.0000,-0.0000,-0.0000,-0.0000,-0.0000,-0.0000,-0.0000,0.0000,0.0000,0.0000,0.0000,0.0000,0.0000,0.0000,0.0000,0.0000,0.0000,0.0000,0.0000,0.0000,0.0000,0.0000,0.0000,0.0000,0.0000,0.0000,0.0000,0.0000,0.0000,0.0000,0.0000,0.0000,0.0000,0.0000,0.0000,0.0000,0.0000,0.0000,0.0000,0.0000,0.0000,0.0000,0.0000
0.0000,0.0000,0.0000,0.0000,0.0000,0.0000,0.0000,0.0000,0.0000,0.0000,0.0000,0.0000,0.0000,0.0000,0.0000,0.0000,0.0000,0.0000,0.0000,0.0000,0.0000,0.0000,0.0000,0.0000,0.0000,0.0000,0.0000,0.0000,0.0000,0.0000,0.0000,0.0000,0.0000,0.0000,0.0000,0.0000,0.0000,-0.0000,-0.0000,-0.0000,-0.0000,-0.0000,-0.0000,-0.0000,-0.0000,-0.0000,-0.0000,-0.0000,-0.0000,-0.0000,-0.0000,-0.0000,-0.0000,-0.0000,-0.0000,-0.0000,-0.0000,-0.0000,-0.0000,-0.0000,-0.0000,-0.0000,-0.0000,-0.0000,0.0000,0.0000,0.0000,0.0000,0.0000,0.0000,0.0000,0.0000,0.0000,0.0000,0.0000,0.0000,0.0000,0.0000,0.0000,0.0000,0.0000,0.0000,0.0000,0.0000,0.0000,0.0000,0.0000,0.0000,0.0000,0.0000,0.0000,0.0000,0.0000,0.0000,0.0000,0.0000,0.0000,0.0000,0.0000
0.0000,0.0000,0.0000,0.0000,0.0000,0.0000,0.0000,0.0000,0.0000,0.0000,0.0000,0.0000,0.0000,0.0000,0.0000,0.0000,0.0000,0.0000,0.0000,0.0000,0.0000,0.0000,0.0000,0.0000,0.0000,0.0000,0.0000,0.0000,0.0000,0.0000,0.0000,0.0000,0.0000,0.0000,0.0000,0.0000,-0.0000,-0.0000,-0.0000,-0.0000,-0.0000,-0.0000,-0.0000,-0.0000,-0.0000,-0.0000,-0.0000,-0.0000,-0.0000,-0.0000,-0.0000,-0.0000,-0.0000,-0.0000,-0.0000,-0.0000,-0.0000,-0.0000,-0.0000,-0.0000,-0.0000,-0.0000,-0.0000,-0.0000,-0.0000,0.0000,0.0000,0.0000,0.0000,0.0000,0.0000,0.0000,0.0000,0.0000,0.0000,0.0000,0.0000,0.0000,0.0000,0.0000,0.0000,0.0000,0.0000,0.0000,0.0000,0.0000,0.0000,0.0000,0.0000,0.0000,0.0000,0.0000,0.0000,0.0000,0.0000,0.0000,0.0000,0.0000,0.0000
0.0000,0.0000,0.0000,0.0000,0.0000,0.0000,0.0000,0.0000,0.0000,0.0000,0.0000,0.0000,0.0000,0.0000,0.0000,0.0000,0.0000,0.0000,0.0000,0.0000,0.0000,0.0000,0.0000,0.0000,0.0000,0.0000,0.0000,0.0000,0.0000,0.0000,0.0000,0.0000,0.0000,0.0000,0.0000,-0.0000,-0.0000,-0.0000,-0.0000,-0.0000,-0.0000,-0.0000,-0.0000,-0.0000,-0.0000,-0.0000,-0.0000,-0.0000,-0.0000,-0.0000,-0.0000,-0.0000,-0.0000,-0.0000,-0.0000,-0.0000,-0.0000,-0.0000,-0.0000,-0.0000,-0.0000,-0.0000,-0.0000,-0.0000,-0.0000,-0.0000,0.0000,0.0000,0.0000,0.0000,0.0000,0.0000,0.0000,0.0000,0.0000,0.0000,0.0000,0.0000,0.0000,0.0000,0.0000,0.0000,0.0000,0.0000,0.0000,0.0000,0.0000,0.0000,0.0000,0.0000,0.0000,0.0000,0.0000,0.0000,0.0000,0.0000,0.0000,0.0000,0.0000
0.0000,0.0000,0.0000,0.0000,0.0000,0.0000,0.0000,0.0000,0.0000,0.0000,0.0000,0.0000,0.0000,0.0000,0.0000,0.0000,0.0000,0.0000,0.0000,0.0000,0.0000,0.0000,0.0000,0.0000,0.0000,0.0000,0.0000,0.0000,0.0000,0.0000,0.0000,0.0000,0.0000,0.0000,-0.0000,-0.0000,-0.0000,-0.0000,-0.0000,-0.0000,-0.0000,-0.0000,-0.0000,-0.0000,-0.0000,-0.0000,-0.0000,-0.0000,-0.0000,-0.0000,-0.0000,-0.0000,-0.0000,-0.0000,-0.0000,-0.0000,-0.0000,-0.0000,-0.0000,-0.0000,-0.0000,-0.0000,-0.0000,-0.0000,-0.0000,-0.0000,-0.0000,0.0000,0.0000,0.0000,0.0000,0.0000,0.0000,0.0000,0.0000,0.0000,0.0000,0.0000,0.0000,0.0000,0.0000,0.0000,0.0000,0.0000,0.0000,0.0000,0.0000,0.0000,0.0000,0.0000,0.0000,0.0000,0.0000,0.0000,0.0000,0.0000,0.0000,0.0000,0.0000
0.0000,0.0000,0.0000,0.0000,0.0000,0.0000,0.0000,0.0000,0.0000,0.0000,0.0000,0.0000,0.0000,0.0000,0.0000,0.0000,0.0000,0.0000,0.0000,0.0000,0.0000,0.0000,0.0000,0.0000,0.0000,0.0000,0.0000,0.0000,0.0000,0.0000,0.0000,0.0000,0.0000,-0.0000,-0.0000,-0.0000,-0.0000,-0.0000,-0.0000,-0.0000,-0.0000,-0.0000,-0.0000,-0.0000,-0.0000,-0.0000,-0.0000,-0.0000,-0.0000,-0.0000,-0.0000,-0.0000,-0.0000,-0.0000,-0.0000,-0.0000,-0.0000,-0.0000,-0.0000,-0.0000,-0.0000,-0.0000,-0.0000,-0.0000,-0.0000,-0.0000,-0.0000,-0.0000,0.0000,0.0000,0.0000,0.0000,0.0000,0.0000,0.0000,0.0000,0.0000,0.0000,0.0000,0.0000,0.0000,0.0000,0.0000,0.0000,0.0000,0.0000,0.0000,0.0000,0.0000,0.0000,0.0000,0.0000,0.0000,0.0000,0.0000,0.0000,0.0000,0.0000,0.0000
0.0000,0.0000,0.0000,0.0000,0.0000,0.0000,0.0000,0.0000,0.0000,0.0000,0.0000,0.0000,0.0000,0.0000,0.0000,0.0000,0.0000,0.0000,0.0000,0.0000,0.0000,0.0000,0.0000,0.0000,0.0000,0.0000,0.0000,0.0000,0.0000,0.0000,0.0000,0.0000,-0.0000,-0.0000,-0.0000,-0.0000,-0.0000,-0.0000,-0.0000,-0.0000,-0.0000,-0.0000,-0.0000,-0.0000,-0.0000,-0.0000,-0.0000,-0.0000,-0.0000,-0.0000,-0.0000,-0.0000,-0.0000,-0.0000,-0.0000,-0.0000,-0.0000,-0.0000,-0.0000,-0.0000,-0.0000,-0.0000,-0.0000,-0.0000,-0.0000,-0.0000,-0.0000,-0.0000,-0.0000,0.0000,0.0000,0.0000,0.0000,0.0000,0.0000,0.0000,0.0000,0.0000,0.0000,0.0000,0.0000,0.0000,0.0000,0.0000,0.0000,0.0000,0.0000,0.0000,0.0000,0.0000,0.0000,0.0000,0.0000,0.0000,0.0000,0.0000,0.0000,0.0000,0.0000
0.0000,0.0000,0.0000,0.0000,0.0000,0.0000,0.0000,0.0000,0.0000,0.0000,0.0000,0.0000,0.0000,0.0000,0.0000,0.0000,0.0000,0.0000,0.0000,0.0000,0.0000,0.0000,0.0000,0.0000,0.0000,0.0000,0.0000,0.0000,0.0000,0.0000,0.0000,-0.0000,-0.0000,-0.0000,-0.0000,-0.0000,-0.0000,-0.0000,-0.0000,-0.0000,-0.0000,-0.0000,-0.0000,-0.0000,-0.0000,-0.0000,-0.0000,-0.0000,-0.0000,-0.0000,-0.0000,-0.0000,-0.0000,-0.0000,-0.0000,-0.0000,-0.0000,-0.0000,-0.0000,-0.0000,-0.0000,-0.0000,-0.0000,-0.0000,-0.0000,-0.0000,-0.0000,-0.0000,-0.0000,-0.0000,0.0000,0.0000,0.0000,0.0000,0.0000,0.0000,0.0000,0.0000,0.0000,0.0000,0.0000,0.0000,0.0000,0.0000,0.0000,0.0000,0.0000,0.0000,0.0000,0.0000,0.0000,0.0000,0.0000,0.0000,0.0000,0.0000,0.0000,0.0000,0.0000
0.0000,0.0000,0.0000,0.0000,0.0000,0.0000,0.0000,0.0000,0.0000,0.0000,0.0000,0.0000,0.0000,0.0000,0.0000,0.0000,0.0000,0.0000,0.0000,0.0000,0.0000,0.0000,0.0000,0.0000,0.0000,0.0000,0.0000,0.0000,0.0000,0.0000,-0.0000,-0.0000,-0.0000,-0.0000,-0.0000,-0.0000,-0.0000,-0.0000,-0.0000,-0.0000,-0.0000,-0.0000,-0.0000,-0.0000,-0.0000,-0.0000,-0.0000,-0.0000,-0.0000,-0.0000,-0.0000,-0.0000,-0.0000,-0.0000,-0.0000,-0.0000,-0.0000,-0.0000,-0.0000,-0.0000,-0.0000,-0.0000,-0.0000,-0.0000,-0.0000,-0.0000,-0.0000,-0.0000,-0.0000,-0.0000,-0.0000,0.0000,0.0000,0.0000,0.0000,0.0000,0.0000,0.0000,0.0000,0.0000,0.0000,0.0000,0.0000,0.0000,0.0000,0.0000,0.0000,0.0000,0.0000,0.0000,0.0000,0.0000,0.0000,0.0000,0.0000,0.0000,0.0000,0.0000,0.0000
0.0000,0.0000,0.0000,0.0000,0.0000,0.0000,0.0000,0.0000,0.0000,0.0000,0.0000,0.0000,0.0000,0.0000,0.0000,0.0000,0.0000,0.0000,0.0000,0.0000,0.0000,0.0000,0.0000,0.0000,0.0000,0.0000,0.0000,0.0000,0.0000,-0.0000,-0.0000,-0.0000,-0.0000,-0.0000,-0.0000,-0.0000,-0.0000,-0.0000,-0.0000,-0.0000,-0.0000,-0.0000,-0.0000,-0.0000,-0.0000,-0.0000,-0.0000,-0.0000,-0.0001,-0.0001,-0.0001,-0.0001,-0.0001,-0.0000,-0.0000,-0.0000,-0.0000,-0.0000,-0.0000,-0.0000,-0.0000,-0.0000,-0.0000,-0.0000,-0.0000,-0.0000,-0.0000,-0.0000,-0.0000,-0.0000,-0.0000,-0.0000,0.0000,0.0000,0.0000,0.0000,0.0000,0.0000,0.0000,0.0000,0.0000,0.0000,0.0000,0.0000,0.0000,0.0000,0.0000,0.0000,0.0000,0.0000,0.0000,0.0000,0.0000,0.0000,0.0000,0.0000,0.0000,0.0000,0.0000
0.0000,0.0000,0.0000,0.0000,0.0000,0.0000,0.0000,0.0000,0.0000,0.0000,0.0000,0.0000,0.0000,0.0000,0.0000,0.0000,0.0000,0.0000,0.0000,0.0000,0.0000,0.0000,0.0000,0.0000,0.0000,0.0000,0.0000,0.0000,-0.0000,-0.0000,-0.0000,-0.0000,-0.0000,-0.0000,-0.0000,-0.0000,-0.0000,-0.0000,-0.0000,-0.0000,-0.0000,-0.0000,-0.0000,-0.0001,-0.0001,-0.0001,-0.0001,-0.0001,-0.0001,-0.0001,-0.0001,-0.0001,-0.0001,-0.0001,-0.0001,-0.0001,-0.0001,-0.0001,-0.0000,-0.0000,-0.0000,-0.0000,-0.0000,-0.0000,-0.0000,-0.0000,-0.0000,-0.0000,-0.0000,-0.0000,-0.0000,-0.0000,-0.0000,0.0000,0.0000,0.0000,0.0000,0.0000,0.0000,0.0000,0.0000,0.0000,0.0000,0.0000,0.0000,0.0000,0.0000,0.0000,0.0000,0.0000,0.0000,0.0000,0.0000,0.0000,0.0000,0.0000,0.0000,0.0000,0.0000
0.0000,0.0000,0.0000,0.0000,0.0000,0.0000,0.0000,0.0000,0.0000,0.0000,0.0000,0.0000,0.0000,0.0000,0.0000,0.0000,0.0000,0.0000,0.0000,0.0000,0.0000,0.0000,0.0000,0.0000,0.0000,0.0000,0.0000,-0.0000,-0.0000,-0.0000,-0.0000,-0.0000,-0.0000,-0.0000,-0.0000,-0.0000,-0.0000,-0.0000,-0.0000,-0.0000,-0.0001,-0.0001,-0.0001,-0.0001,-0.0002,-0.0002,-0.0001,-0.0001,-0.0001,-0.0001,-0.0000,-0.0001,-0.0001,-0.0001,-0.0001,-0.0002,-0.0002,-0.0001,-0.0001,-0.0001,-0.0001,-0.0000,-0.0000,-0.0000,-0.0000,-0.0000,-0.0000,-0.0000,-0.0000,-0.0000,-0.0000,-0.0000,-0.0000,-0.0000,0.0000,0.0000,0.0000,0.0000,0.0000,0.0000,0.0000,0.0000,0.0000,0.0000,0.0000,0.0000,0.0000,0.0000,0.0000,0.0000,0.0000,0.0000,0.0000,0.0000,0.0000,0.0000,0.0000,0.0000,0.0000
0.0000,0.0000,0.0000,0.0000,0.0000,0.0000,0.0000,0.0000,0.0000,0.0000,0.0000,0.0000,0.0000,0.0000,0.0000,0.0000,0.0000,0.0000,0.0000,0.0000,0.0000,0.0000,0.0000,0.0000,0.0000,0.0000,-0.0000,-0.0000,-0.0000,-0.0000,-0.0000,-0.0000,-0.0000,-0.0000,-0.0000,-0.0000,-0.0000,-0.0000,-0.0000,-0.0001,-0.0002,-0.0002,-0.0002,-0.0002,-0.0001,0.0000,0.0002,0.0003,0.0005,0.0006,0.0006,0.0006,0.0005,0.0003,0.0002,0.0000,-0.0001,-0.0002,-0.0002,-0.0002,-0.0002,-0.0001,-0.0000,-0.0000,-0.0000,-0.0000,-0.0000,-0.0000,-0.0000,-0.0000,-0.0000,-0.0000,-0.0000,-0.0000,-0.0000,0.0000,0.0000,0.0000,0.0000,0.0000,0.0000,0.0000,0.0000,0.0000,0.0000,0.0000,0.0000,0.0000,0.0000,0.0000,0.0000,0.0000,0.0000,0.0000,0.0000,0.0000,0.0000,0.0000,0.0000
0.0000,0.0000,0.0000,0.0000,0.0000,0.0000,0.0000,0.0000,0.0000,0.0000,0.0000,0.0000,0.0000,0.0000,0.0000,0.0000,0.0000,0.0000,0.0000,0.0000,0.0000,0.0000,0.0000,0.0000,0.0000,-0.0000,-0.0000,-0.0000,-0.0000,-0.0000,-0.0000,-0.0000,-0.0000,-0.0000,-0.0000,-0.0000,-0.0000,-0.0001,-0.0002,-0.0003,-0.0003,-0.0003,-0.0001,0.0003,0.0007,0.0012,0.0017,0.0021,0.0025,0.0027,0.0028,0.0027,0.0025,0.0021,0.0017,0.0012,0.0007,0.0003,-0.0001,-0.0003,-0.0003,-0.0003,-0.0002,-0.0001,-0.0000,-0.0000,-0.0000,-0.0000,-0.0000,-0.0000,-0.0000,-0.0000,-0.0000,-0.0000,-0.0000,-0.0000,0.0000,0.0000,0.0000,0.0000,0.0000,0.0000,0.0000,0.0000,0.0000,0.0000,0.0000,0.0000,0.0000,0.0000,0.0000,0.0000,0.0000,0.0000,0.0000,0.0000,0.0000,0.0000,0.0000
0.0000,0.0000,0.0000,0.0000,0.0000,0.0000,0.0000,0.0000,0.0000,0.0000,0.0000,0.0000,0.0000,0.0000,0.0000,0.0000,0.0000,0.0000,0.0000,0.0000,0.0000,0.0000,0.0000,0.0000,-0.0000,-0.0000,-0.0000,-0.0000,-0.0000,-0.0000,-0.0000,-0.0000,-0.0000,-0.0000,-0.0000,-0.0000,-0.0001,-0.0002,-0.0004,-0.0004,-0.0002,0.0004,0.0012,0.0022,0.0033,0.0043,0.0053,0.0062,0.0068,0.0071,0.0073,0.0071,0.0068,0.0062,0.0053,0.0043,0.0033,0.0022,0.0012,0.0004,-0.0002,-0.0004,-0.0004,-0.0002,-0.0001,-0.0000,-0.0000,-0.0000,-0.0000,-0.0000,-0.0000,-0.0000,-0.0000,-0.0000,-0.0000,-0.0000,-0.0000,0.0000,0.0000,0.0000,0.0000,0.0000,0.0000,0.0000,0.0000,0.0000,0.0000,0.0000,0.0000,0.0000,0.0000,0.0000,0.0000,0.0000,0.0000,0.0000,0.0000,0.0000,0.0000
0.0000,0.0000,0.0000,0.0000,0.0000,0.0000,0.0000,0.0000,0.0000,0.0000,0.0000,0.0000,0.0000,0.0000,0.0000,0.0000,0.0000,0.0000,0.0000,0.0000,0.0000,0.0000,0.0000,-0.0000,-0.0000,-0.0000,-0.0000,-0.0000,-0.0000,-0.0000,-0.0000,-0.0000,-0.0000,-0.0000,-0.0001,-0.0002,-0.0003,-0.0005,-0.0004,0.0002,0.0013,0.0028,0.0046,0.0065,0.0083,0.0099,0.0112,0.0122,0.0128,0.0132,0.0134,0.0132,0.0128,0.0122,0.0112,0.0099,0.0083,0.0065,0.0046,0.0028,0.0013,0.0002,-0.0004,-0.0005,-0.0003,-0.0002,-0.0001,-0.0000,-0.0000,-0.0000,-0.0000,-0.0000,-0.0000,-0.0000,-0.0000,-0.0000,-0.0000,-0.0000,0.0000,0.0000,0.0000,0.0000,0.0000,0.0000,0.0000,0.0000,0.0000,0.0000,0.0000,0.0000,0.0000,0.0000,0.0000,0.0000,0.0000,0.0000,0.0000,0.0000,0.0000
0.0000,0.0000,0.0000,0.0000,0.0000,0.0000,0.0000,0.0000,0.0000,0.0000,0.0000,0.0000,0.0000,0.0000,0.0000,0.0000,0.0000,0.0000,0.0000,0.0000,0.0000,0.0000,-0.0000,-0.0000,-0.0000,-0.0000,-0.0000,-0.0000,-0.0000,-0.0000,-0.0000,-0.0000,-0.0000,-0.0001,-0.0002,-0.0004,-0.0006,-0.0004,0.0007,0.0027,0.0052,0.0079,0.0105,0.0127,0.0144,0.0157,0.0166,0.0172,0.0176,0.0177,0.0178,0.0177,0.0176,0.0172,0.0166,0.0157,0.0144,0.0127,0.0105,0.0079,0.0052,0.0027,0.0007,-0.0004,-0.0006,-0.0004,-0.0002,-0.0001,-0.0000,-0.0000,-0.0000,-0.0000,-0.0000,-0.0000,-0.0000,-0.0000,-0.0000,-0.0000,-0.0000,0.0000,0.0000,0.0000,0.0000,0.0000,0.0000,0.0000,0.0000,0.0000,0.0000,0.0000,0.0000,0.0000,0.0000,0.0000,0.0000,0.0000,0.0000,0.0000,0.0000
0.0000,0.0000,0.0000,0.0000,0.0000,0.0000,0.0000,0.0000,0.0000,0.0000,0.0000,0.0000,0.0000,0.0000,0.0000,0.0000,0.0000,0.0000,0.0000,0.0000,0.0000,-0.0000,-0.0000,-0.0000,-0.0000,-0.0000,-0.0000,-0.0000,-0.0000,-0.0000,-0.0000,-0.0000,-0.0001,-0.0002,-0.0005,-0.0007,-0.0003,0.0014,0.0044,0.0079,0.0112,0.0140,0.0160,0.0173,0.0180,0.0182,0.0182,0.0180,0.0178,0.0177,0.0176,0.0177,0.0178,0.0180,0.0182,0.0182,0.0180,0.0173,0.0160,0.0140,0.0112,0.0079,0.0044,0.0014,-0.0003,-0.0007,-0.0005,-0.0002,-0.0001,-0.0000,-0.0000,-0.0000,-0.0000,-0.0000,-0.0000,-0.0000,-0.0000,-0.0000,-0.0000,-0.0000,0.0000,0.0000,0.0000,0.0000,0.0000,0.0000,0.0000,0.0000,0.0000,0.0000,0.0000,0.0000,0.0000,0.0000,0.0000,0.0000,0.0000,0.0000,0.0000
0.0000,0.0000,0.0000,0.0000,0.0000,0.0000,0.0000,0.0000,0.0000,0.0000,0.0000,0.0000,0.0000,0.0000,0.0000,0.0000,0.0000,0.0000,0.0000,0.0000,-0.0000,-0.0000,-0.0000,-0.0000,-0.0000,-0.0000,-0.0000,-0.0000,-0.0000,-0.0000,-0.0000,-0.0001,-0.0002,-0.0005,-0.0007,-0.0002,0.0021,0.0060,0.0104,0.0138,0.0162,0.0176,0.0179,0.0177,0.0172,0.0164,0.0157,0.0149,0.0144,0.0140,0.0139,0.0140,0.0144,0.0149,0.0157,0.0164,0.0172,0.0177,0.0179,0.0176,0.0162,0.0138,0.0104,0.0060,0.0021,-0.0002,-0.0007,-0.0005,-0.0002,-0.0001,-0.0000,-0.0000,-0.0000,-0.0000,-0.0000,-0.0000,-0.0000,-0.0000,-0.0000,-0.0000,-0.0000,0.0000,0.0000,0.0000,0.0000,0.0000,0.0000,0.0000,0.0000,0.0000,0.0000,0.0000,0.0000,0.0000,0.0000,0.0000,0.0000,0.0000,0.0000
0.0000,0.0000,0.0000,0.0000,0.0000,0.0000,0.0000,0.0000,0.0000,0.0000,0.0000,0.0000,0.0000,0.0000,0.0000,0.0000,0.0000,0.0000,0.0000,-0.0000,-0.0000,-0.0000,-0.0000,-0.0000,-0.0000,-0.0000,-0.0000,-0.0000,-0.0000,-0.0000,-0.0001,-0.0002,-0.0005,-0.0007,-0.0001,0.0025,0.0073,0.0123,0.0154,0.0168,0.0175,0.0172,0.0164,0.0155,0.0142,0.0131,0.0118,0.0108,0.0100,0.0095,0.0094,0.0095,0.0100,0.0108,0.0118,0.0131,0.0142,0.0155,0.0164,0.0172,0.0175,0.0168,0.0154,0.0123,0.0073,0.0025,-0.0001,-0.0007,-0.0005,-0.0002,-0.0001,-0.0000,-0.0000,-0.0000,-0.0000,-0.0000,-0.0000,-0.0000,-0.0000,-0.0000,-0.0000,-0.0000,0.0000,0.0000,0.0000,0.0000,0.0000,0.0000,0.0000,0.0000,0.0000,0.0000,0.0000,0.0000,0.0000,0.0000,0.0000,0.0000,0.0000
0.0000,0.0000,0.0000,0.0000,0.0000,0.0000,0.0000,0.0000,0.0000,0.0000,0.0000,0.0000,0.0000,0.0000,0.0000,0.0000,0.0000,0.0000,-0.0000,-0.0000,-0.0000,-0.0000,-0.0000,-0.0000,-0.0000,-0.0000,-0.0000,-0.0000,-0.0000,-0.0000,-0.0002,-0.0004,-0.0007,-0.0002,0.0025,0.0077,0.0133,0.0161,0.0164,0.0169,0.0168,0.0156,0.0146,0.0127,0.0106,0.0088,0.0066,0.0053,0.0039,0.0034,0.0029,0.0034,0.0039,0.0053,0.0066,0.0088,0.0106,0.0127,0.0146,0.0156,0.0168,0.0169,0.0164,0.0161,0.0133,0.0077,0.0025,-0.0002,-0.0007,-0.0004,-0.0002,-0.0000,-0.0000,-0.0000,-0.0000,-0.0000,-0.0000,-0.0000,-0.0000,-0.0000,-0.0000,-0.0000,-0.0000,0.0000,0.0000,0.0000,0.0000,0.0000,0.0000,0.0000,0.0000,0.0000,0.0000,0.0000,0.0000,0.0000,0.0000,0.0000,0.0000
0.0000,0.0000,0.0000,0.0000,0.0000,0.0000,0.0000,0.0000,0.0000,0.0000,0.0000,0.0000,0.0000,0.0000,0.0000,0.0000,0.0000,-0.0000,-0.0000,-0.0000,-0.0000,-0.0000,-0.0000,-0.0000,-0.0000,-0.0000,-0.0000,-0.0000,-0.0000,-0.0001,-0.0003,-0.0006,-0.0003,0.0021,0.0073,0.0133,0.0162,0.0159,0.0165,0.0174,0.0155,0.0135,0.0110,0.0070,0.0045,0.0011,-0.0011,-0.0029,-0.0043,-0.0049,-0.0054,-0.0049,-0.0043,-0.0029,-0.0011,0.0011,0.0045,0.0070,0.0110,0.0135,0.0155,0.0174,0.0165,0.0159,0.0162,0.0133,0.0073,0.0021,-0.0003,-0.0006,-0.0003,-0.0001,-0.0000,-0.0000,-0.0000,-0.0000,-0.0000,-0.0000,-0.0000,-0.0000,-0.0000,-0.0000,-0.0000,-0.0000,0.0000,0.0000,0.0000,0.0000,0.0000,0.0000,0.0000,0.0000,0.0000,0.0000,0.0000,0.0000,0.0000,0.0000,0.0000
0.0000,0.0000,0.0000,0.0000,0.0000,0.0000,0.0000,0.0000,0.0000,0.0000,0.0000,0.0000,0.0000,0.0000,0.0000,0.0000,-0.0000,-0.0000,-0.0000,-0.0000,-0.0000,-0.0000,-0.0000,-0.0000,-0.0000,-0.0000,-0.0000,-0.0000,-0.0001,-0.0002,-0.0005,-0.0004,0.0014,0.0060,0.0123,0.0161,0.0159,0.0164,0.0182,0.0157,0.0113,0.0085,0.0033,-0.0003,-0.0032,-0.0066,-0.0076,-0.0100,-0.0099,-0.0113,-0.0106,-0.0113,-0.0099,-0.0100,-0.0076,-0.0066,-0.0032,-0.0003,0.0033,0.0085,0.0113,0.0157,0.0182,0.0164,0.0159,0.0161,0.0123,0.0060,0.0014,-0.0004,-0.0005,-0.0002,-0.0001,-0.0000,-0.0000,-0.0000,-0.0000,-0.0000,-0.0000,-0.0000,-0.0000,-0.0000,-0.0000,-0.0000,-0.0000,0.0000,0.0000,0.0000,0.0000,0.0000,0.0000,0.0000,0.0000,0.0000,0.0000,0.0000,0.0000,0.0000,0.0000
0.0000,0.0000,0.0000,0.0000,0.0000,0.0000,0.0000,0.0000,0.0000,0.0000,0.0000,0.0000,0.0000,0.0000,0.0000,-0.0000,-0.0000,-0.0000,-0.0000,-0.0000,-0.0000,-0.0000,-0.0000,-0.0000,-0.0000,-0.0000,-0.0000,-0.0000,-0.0002,-0.0004,-0.0004,0.0007,0.0044,0.0104,0.0154,0.0164,0.0165,0.0182,0.0157,0.0093,0.0062,0.0019,-0.0034,-0.0050,-0.0092,-0.0103,-0.0120,-0.0130,-0.0129,-0.0139,-0.0131,-0.0139,-0.0129,-0.0130,-0.0120,-0.0103,-0.0092,-0.0050,-0.0034,0.0019,0.0062,0.0093,0.0157,0.0182,0.0165,0.0164,0.0154,0.0104,0.0044,0.0007,-0.0004,-0.0004,-0.0002,-0.0000,-0.0000,-0.0000,-0.0000,-0.0000,-0.0000,-0.0000,-0.0000,-0.0000,-0.0000,-0.0000,-0.0000,-0.0000,0.0000,0.0000,0.0000,0.0000,0.0000,0.0000,0.0000,0.0000,0.0000,0.0000,0.0000,0.0000,0.0000
0.0000,0.0000,0.0000,0.0000,0.0000,0.0000,0.0000,0.0000,0.0000,0.0000,0.0000,0.0000,0.0000,0.0000,-0.0000,-0.0000,-0.0000,-0.0000,-0.0000,-0.0000,-0.0000,-0.0000,-0.0000,-0.0000,-0.0000,-0.0000,-0.0000,-0.0001,-0.0003,-0.0004,0.0002,0.0027,0.0079,0.0138,0.0168,0.0169,0.0174,0.0157,0.0093,0.0053,0.0025,-0.0043,-0.0071,-0.0103,-0.0137,-0.0132,-0.0157,-0.0138,-0.0153,-0.0135,-0.0149,-0.0135,-0.0153,-0.0138,-0.0157,-0.0132,-0.0137,-0.0103,-0.0071,-0.0043,0.0025,0.0053,0.0093,0.0157,0.0174,0.0169,0.0168,0.0138,0.0079,0.0027,0.0002,-0.0004,-0.0003,-0.0001,-0.0000,-0.0000,-0.0000,-0.0000,-0.0000,-0.0000,-0.0000,-0.0000,-0.0000,-0.0000,-0.0000,-0.0000,-0.0000,0.0000,0.0000,0.0000,0.0000,0.0000,0.0000,0.0000,0.0000,0.0000,0.0000,0.0000,0.0000
0.0000,0.0000,0.0000,0.0000,0.0000,0.0000,0.0000,0.0000,0.0000,0.0000,0.0000,0.0000,0.0000,-0.0000,-0.0000,-0.0000,-0.0000,-0.0000,-0.0000,-0.0000,-0.0000,-0.0000,-0.0000,-0.0000,-0.0000,-0.0000,-0.0001,-0.0002,-0.0003,-0.0002,0.0013,0.0052,0.0112,0.0162,0.0175,0.0168,0.0155,0.0113,0.0062,0.0025,-0.0043,-0.0098,-0.0117,-0.0155,-0.0146,-0.0147,-0.0135,-0.0114,-0.0111,-0.0090,-0.0100,-0.0090,-0.0111,-0.0114,-0.0135,-0.0147,-0.0146,-0.0155,-0.0117,-0.0098,-0.0043,0.0025,0.0062,0.0113,0.0155,0.0168,0.0175,0.0162,0.0112,0.0052,0.0013,-0.0002,-0.0003,-0.0002,-0.0001,-0.0000,-0.0000,-0.0000,-0.0000,-0.0000,-0.0000,-0.0000,-0.0000,-0.0000,-0.0000,-0.0000,-0.0000,-0.0000,0.0000,0.0000,0.0000,0.0000,0.0000,0.0000,0.0000,0.0000,0.0000,0.0000,0.0000
0.0000,0.0000,0.0000,0.0000,0.0000,0.0000,0.0000,0.0000,0.0000,0.0000,0.0000,0.0000,-0.0000,-0.0000,-0.0000,-0.0000,-0.0000,-0.0000,-0.0000,-0.0000,-0.0000,-0.0000,-0.0000,-0.0000,-0.0000,-0.0000,-0.0001,-0.0002,-0.0003,0.0004,0.0028,0.0079,0.0140,0.0176,0.0172,0.0156,0.0135,0.0085,0.0019,-0.0043,-0.0098,-0.0124,-0.0142,-0.0145,-0.0124,-0.0111,-0.0076,-0.0059,-0.0031,-0.0024,-0.0013,-0.0024,-0.0031,-0.0059,-0.0076,-0.0111,-0.0124,-0.0145,-0.0142,-0.0124,-0.0098,-0.0043,0.0019,0.0085,0.0135,0.0156,0.0172,0.0176,0.0140,0.0079,0.0028,0.0004,-0.0003,-0.0002,-0.0001,-0.0000,-0.0000,-0.0000,-0.0000,-0.0000,-0.0000,-0.0000,-0.0000,-0.0000,-0.0000,-0.0000,-0.0000,-0.0000,-0.0000,0.0000,0.0000,0.0000,0.0000,0.0000,0.0000,0.0000,0.0000,0.0000,0.0000
0.0000,0.0000,0.0000,0.0000,0.0000,0.0000,0.0000,0.0000,0.0000,0.0000,0.0000,-0.0000,-0.0000,-0.0000,-0.0000,-0.0000,-0.0000,-0.0000,-0.0000,-0.0000,-0.0000,-0.0000,-0.0000,-0.0000,-0.0000,-0.0000,-0.0001,-0.0002,-0.0001,0.0012,0.0046,0.0105,0.0160,0.0179,0.0164,0.0146,0.0110,0.0033,-0.0034,-0.0071,-0.0117,-0.0142,-0.0139,-0.0132,-0.0096,-0.0060,-0.0017,0.0020,0.0047,0.0068,0.0071,0.0068,0.0047,0.0020,-0.0017,-0.0060,-0.0096,-0.0132,-0.0139,-0.0142,-0.0117,-0.0071,-0.0034,0.0033,0.0110,0.0146,0.0164,0.0179,0.0160,0.0105,0.0046,0.0012,-0.0001,-0.0002,-0.0001,-0.0000,-0.0000,-0.0000,-0.0000,-0.0000,-0.0000,-0.0000,-0.0000,-0.0000,-0.0000,-0.0000,-0.0000,-0.0000,-0.0000,-0.0000,0.0000,0.0000,0.0000,0.0000,0.0000,0.0000,0.0000,0.0000,0.0000
0.0000,0.0000,0.0000,0.0000,0.0000,0.0000,0.0000,0.0000,0.0000,0.0000,-0.0000,-0.0000,-0.0000,-0.0000,-0.0000,-0.0000,-0.0000,-0.0000,-0.0000,-0.0000,-0.0000,-0.0000,-0.0000,-0.0000,-0.0000,-0.0001,-0.0001,-0.0002,0.0003,0.0022,0.0065,0.0127,0.0173,0.0177,0.0155,0.0127,0.0070,-0.0003,-0.0050,-0.0103,-0.0155,-0.0145,-0.0132,-0.0095,-0.0028,0.0014,0.0084,0.0114,0.0159,0.0167,0.0183,0.0167,0.0159,0.0114,0.0084,0.0014,-0.0028,-0.0095,-0.0132,-0.0145,-0.0155,-0.0103,-0.0050,-0.0003,0.0070,0.0127,0.0155,0.0177,0.0173,0.0127,0.0065,0.0022,0.0003,-0.0002,-0.0001,-0.0001,-0.0000,-0.0000,-0.0000,-0.0000,-0.0000,-0.0000,-0.0000,-0.0000,-0.0000,-0.0000,-0.0000,-0.0000,-0.0000,-0.0000,-0.0000,0.0000,0.0000,0.0000,0.0000,0.0000,0.0000,0.0000,0.0000
0.0000,0.0000,0.0000,0.0000,0.0000,0.0000,0.0000,0.0000,0.0000,-0.0000,-0.0000,-0.0000,-0.0000,-0.0000,-0.0000,-0.0000,-0.0000,-0.0000,-0.0000,-0.0000,-0.0000,-0.0000,-0.0000,-0.0000,-0.0000,-0.0001,-0.0002,-0.0001,0.0007,0.0033,0.0083,0.0144,0.0180,0.0172,0.0142,0.0106,0.0045,-0.0032,-0.0092,-0.0137,-0.0146,-0.0124,-0.0096,-0.0028,0.0031,0.0098,0.0158,0.0194,0.0232,0.0236,0.0251,0.0236,0.0232,0.0194,0.0158,0.0098,0.0031,-0.0028,-0.0096,-0.0124,-0.0146,-0.0137,-0.0092,-0.0032,0.0045,0.0106,0.0142,0.0172,0.0180,0.0144,0.0083,0.0033,0.0007,-0.0001,-0.0002,-0.0001,-0.0000,-0.0000,-0.0000,-0.0000,-0.0000,-0.0000,-0.0000,-0.0000,-0.0000,-0.0000,-0.0000,-0.0000,-0.0000,-0.0000,-0.0000,-0.0000,0.0000,0.0000,0.0000,0.0000,0.0000,0.0000,0.0000
0.0000,0.0000,0.0000,0.0000,0.0000,0.0000,0.0000,0.0000,-0.0000,-0.0000,-0.0000,-0.0000,-0.0000,-0.0000,-0.0000,-0.0000,-0.0000,-0.0000,-0.0000,-0.0000,-0.0000,-0.0000,-0.0000,-0.0000,-0.0000,-0.0001,-0.0002,0.0000,0.0012,0.0043,0.0099,0.0157,0.0182,0.0164,0.0131,0.0088,0.0011,-0.0066,-0.0103,-0.0132,-0.0147,-0.0111,-0.0060,0.0014,0.0098,0.0166,0.0229,0.0261,0.0284,0.0285,0.0289,0.0285,0.0284,0.0261,0.0229,0.0166,0.0098,0.0014,-0.0060,-0.0111,-0.0147,-0.0132,-0.0103,-0.0066,0.0011,0.0088,0.0131,0.0164,0.0182,0.0157,0.0099,0.0043,0.0012,0.0000,-0.0002,-0.0001,-0.0000,-0.0000,-0.0000,-0.0000,-0.0000,-0.0000,-0.0000,-0.0000,-0.0000,-0.0000,-0.0000,-0.0000,-0.0000,-0.0000,-0.0000,-0.0000,-0.0000,0.0000,0.0000,0.0000,0.0000,0.0000,0.0000
0.0000,0.0000,0.0000,0.0000,0.0000,0.0000,0.0000,-0.0000,-0.0000,-0.0000,-0.0000,-0.0000,-0.0000,-0.0000,-0.0000,-0.0000,-0.0000,-0.0000,-0.0000,-0.0000,-0.0000,-0.0000,-0.0000,-0.0000,-0.0000,-0.0001,-0.0001,0.0002,0.0017,0.0053,0.0112,0.0166,0.0182,0.0157,0.0118,0.0066,-0.0011,-0.0076,-0.0120,-0.0157,-0.0135,-0.0076,-0.0017,0.0084,0.0158,0.0229,0.0277,0.0285,0.0292,0.0265,0.0270,0.0265,0.0292,0.0285,0.0277,0.0229,0.0158,0.0084,-0.0017,-0.0076,-0.0135,-0.0157,-0.0120,-0.0076,-0.0011,0.0066,0.0118,0.0157,0.0182,0.0166,0.0112,0.0053,0.0017,0.0002,-0.0001,-0.0001,-0.0000,-0.0000,-0.0000,-0.0000,-0.0000,-0.0000,-0.0000,-0.0000,-0.0000,-0.0000,-0.0000,-0.0000,-0.0000,-0.0000,-0.0000,-0.0000,-0.0000,-0.0000,0.0000,0.0000,0.0000,0.0000,0.0000
0.0000,0.0000,0.0000,0.0000,0.0000,0.0000,-0.0000,-0.0000,-0.0000,-0.0000,-0.0000,-0.0000,-0.0000,-0.0000,-0.0000,-0.0000,-0.0000,-0.0000,-0.0000,-0.0000,-0.0000,-0.0000,-0.0000,-0.0000,-0.0000,-0.0001,-0.0001,0.0003,0.0021,0.0062,0.0122,0.0172,0.0180,0.0149,0.0108,0.0053,-0.0029,-0.0100,-0.0130,-0.0138,-0.0114,-0.0059,0.0020,0.0114,0.0194,0.0261,0.0285,0.0281,0.0243,0.0200,0.0175,0.0200,0.0243,0.0281,0.0285,0.0261,0.0194,0.0114,0.0020,-0.0059,-0.0114,-0.0138,-0.0130,-0.0100,-0.0029,0.0053,0.0108,0.0149,0.0180,0.0172,0.0122,0.0062,0.0021,0.0003,-0.0001,-0.0001,-0.0000,-0.0000,-0.0000,-0.0000,-0.0000,-0.0000,-0.0000,-0.0000,-0.0000,-0.0000,-0.0000,-0.0000,-0.0000,-0.0000,-0.0000,-0.0000,-0.0000,-0.0000,-0.0000,0.0000,0.0000,0.0000,0.0000
0.0000,0.0000,0.0000,0.0000,0.0000,-0.0000,-0.0000,-0.0000,-0.0000,-0.0000,-0.0000,-0.0000,-0.0000,-0.0000,-0.0000,-0.0000,-0.0000,-0.0000,-0.0000,-0.0000,-0.0000,-0.0000,-0.0000,-0.0000,-0.0001,-0.0001,-0.0001,0.0005,0.0025,0.0068,0.0128,0.0176,0.0178,0.0144,0.0100,0.0039,-0.0043,-0.0099,-0.0129,-0.0153,-0.0111,-0.0031,0.0047,0.0159,0.0232,0.0284,0.0292,0.0243,0.0169,0.0062,0.0013,0.0062,0.0169,0.0243,0.0292,0.0284,0.0232,0.0159,0.0047,-0.0031,-0.0111,-0.0153,-0.0129,-0.0099,-0.0043,0.0039,0.0100,0.0144,0.0178,0.0176,0.0128,0.0068,0.0025,0.0005,-0.0001,-0.0001,-0.0001,-0.0000,-0.0000,-0.0000,-0.0000,-0.0000,-0.0000,-0.0000,-0.0000,-0.0000,-0.0000,-0.0000,-0.0000,-0.0000,-0.0000,-0.0000,-0.0000,-0.0000,-0.0000,-0.0000,0.0000,0.0000,0.0000
0.0000,0.0000,0.0000,0.0000,-0.0000,-0.0000,-0.0000,-0.0000,-0.0000,-0.0000,-0.0000,-0.0000,-0.0000,-0.0000,-0.0000,-0.0000,-0.0000,-0.0000,-0.0000,-0.0000,-0.0000,-0.0000,-0.0000,-0.0000,-0.0001,-0.0001,-0.0001,0.0006,0.0027,0.0071,0.0132,0.0177,0.0177,0.0140,0.0095,0.0034,-0.0049,-0.0113,-0.0139,-0.0135,-0.0090,-0.0024,0.0068,0.0167,0.0236,0.0285,0.0265,0.0200,0.0062,-0.0113,-0.0281,-0.0113,0.0062,0.0200,0.0265,0.0285,0.0236,0.0167,0.0068,-0.0024,-0.0090,-0.0135,-0.0139,-0.0113,-0.0049,0.0034,0.0095,0.0140,0.0177,0.0177,0.0132,0.0071,0.0027,0.0006,-0.0001,-0.0001,-0.0001,-0.0000,-0.0000,-0.0000,-0.0000,-0.0000,-0.0000,-0.0000,-0.0000,-0.0000,-0.0000,-0.0000,-0.0000,-0.0000,-0.0000,-0.0000,-0.0000,-0.0000,-0.0000,-0.0000,-0.0000,0.0000,0.0000
0.0000,0.0000,0.0000,-0.0000,-0.0000,-0.0000,-0.0000,-0.0000,-0.0000,-0.0000,-0.0000,-0.0000,-0.0000,-0.0000,-0.0000,-0.0000,-0.0000,-0.0000,-0.0000,-0.0000,-0.0000,-0.0000,-0.0000,-0.0000,-0.0001,-0.0001,-0.0000,0.0006,0.0028,0.0073,0.0134,0.0178,0.0176,0.0139,0.0094,0.0029,-0.0054,-0.0106,-0.0131,-0.0149,-0.0100,-0.0013,0.0071,0.0183,0.0251,0.0289,0.0270,0.0175,0.0013,-0.0281,-0.0817,-0.0281,0.0013,0.0175,0.0270,0.0289,0.0251,0.0183,0.0071,-0.0013,-0.0100,-0.0149,-0.0131,-0.0106,-0.0054,0.0029,0.0094,0.0139,0.0176,0.0178,0.0134,0.0073,0.0028,0.0006,-0.0000,-0.0001,-0.0001,-0.0000,-0.0000,-0.0000,-0.0000,-0.0000,-0.0000,-0.0000,-0.0000,-0.0000,-0.0000,-0.0000,-0.0000,-0.0000,-0.0000,-0.0000,-0.0000,-0.0000,-0.0000,-0.0000,-0.0000,-0.0000,0.0000
0.0000,0.0000,0.0000,0.0000,-0.0000,-0.0000,-0.0000,-0.0000,-0.0000,-0.0000,-0.0000,-0.0000,-0.0000,-0.0000,-0.0000,-0.0000,-0.0000,-0.0000,-0.0000,-0.0000,-0.0000,-0.0000,-0.0000,-0.0000,-0.0001,-0.0001,-0.0001,0.0006,0.0027,0.0071,0.0132,0.0177,0.0177,0.0140,0.0095,0.0034,-0.0049,-0.0113,-0.0139,-0.0135,-0.0090,-0.0024,0.0068,0.0167,0.0236,0.0285,0.0265,0.0200,0.0062,-0.0113,-0.0281,-0.0113,0.0062,0.0200,0.0265,0.0285,0.0236,0.0167,0.0068,-0.0024,-0.0090,-0.0135,-0.0139,-0.0113,-0.0049,0.0034,0.0095,0.0140,0.0177,0.0177,0.0132,0.0071,0.0027,0.0006,-0.0001,-0.0001,-0.0001,-0.0000,-0.0000,-0.0000,-0.0000,-0.0000,-0.0000,-0.0000,-0.0000,-0.0000,-0.0000,-0.0000,-0.0000,-0.0000,-0.0000,-0.0000,-0.0000,-0.0000,-0.0000,-0.0000,-0.0000,0.0000,0.0000
0.0000,0.0000,0.0000,0.0000,0.0000,-0.0000,-0.0000,-0.0000,-0.0000,-0.0000,-0.0000,-0.0000,-0.0000,-0.0000,-0.0000,-0.0000,-0.0000,-0.0000,-0.0000,-0.0000,-0.0000,-0.0000,-0.0000,-0.0000,-0.0001,-0.0001,-0.0001,0.0005,0.0025,0.0068,0.0128,0.0176,0.0178,0.0144,0.0100,0.0039,-0.0043,-0.0099,-0.0129,-0.0153,-0.0111,-0.0031,0.0047,0.0159,0.0232,0.0284,0.0292,0.0243,0.0169,0.0062,0.0013,0.0062,0.0169,0.0243,0.0292,0.0284,0.0232,0.0159,0.0047,-0.0031,-0.0111,-0.0153,-0.0129,-0.0099,-0.0043,0.0039,0.0100,0.0144,0.0178,0.0176,0.0128,0.0068,0.0025,0.0005,-0.0001,-0.0001,-0.0001,-0.0000,-0.0000,-0.0000,-0.0000,-0.0000,-0.0000,-0.0000,-0.0000,-0.0000,-0.0000,-0.0000,-0.0000,-0.0000,-0.0000,-0.0000,-0.0000,-0.0000,-0.0000,-0.0000,0.0000,0.0000,0.0000
0.0000,0.0000,0.0000,0.0000,0.0000,0.0000,-0.0000,-0.0000,-0.0000,-0.0000,-0.0000,-0.0000,-0.0000,-0.0000,-0.0000,-0.0000,-0.0000,-0.0000,-0.0000,-0.0000,-0.0000,-0.0000,-0.0000,-0.0000,-0.0000,-0.0001,-0.0001,0.0003,0.0021,0.0062,0.0122,0.0172,0.0180,0.0149,0.0108,0.0053,-0.0029,-0.0100,-0.0130,-0.0138,-0.0114,-0.0059,0.0020,0.0114,0.0194,0.0261,0.0285,0.0281,0.0243,0.0200,0.0175,0.0200,0.0243,0.0281,0.0285,0.0261,0.0194,0.0114,0.0020,-0.0059,-0.0114,-0.0138,-0.0130,-0.0100,-0.0029,0.0053,0.0108,0.0149,0.0180,0.0172,0.0122,0.0062,0.0021,0.0003,-0.0001,-0.0001,-0.0000,-0.0000,-0.0000,-0.0000,-0.0000,-0.0000,-0.0000,-0.0000,-0.0000,-0.0000,-0.0000,-0.0000,-0.0000,-0.0000,-0.0000,-0.0000,-0.0000,-0.0000,-0.0000,0.0000,0.0000,0.0000,0.0000
