Elapsed Time:44.484000
dx = 0.00625 	 dy = 0.00625
Nx = 1600 	 Ny = 1600
a=10.000000
b=10.000000
T=2
c=1.000000
Cx=0.500000 	 Cy=0.500000