Elapsed Time:0.099000
dx = 0.1 	 dy = 0.1
Nx = 100 	 Ny = 100
a=10.000000
b=10.000000
T=10
c=1.000000
Cx=0.500000 	 Cy=0.500000