Elapsed Time:1.199000
dx = 0.05 	 dy = 0.05
Nx = 200 	 Ny = 200
a=10.000000
b=10.000000
T=10
c=1.000000
Cx=0.500000 	 Cy=0.500000